Service_0 100000 1 33 2
Service_1 6.692560901529317e-158 337 35 1
Service_2 1.4089360126371988e-206 46 17 2
Service_3 100000 8 30 1
Service_4 1.1738511706982675e-223 582 6 1
Service_5 100000 16 18 1
Service_6 3.132736260565707e-196 140 38 2
Service_7 9.278260723774838e-182 133 12 1
Service_8 5.710634084933602e-210 703 20 2
Service_9 1.1368277117737571e-189 971 43 1
Service_10 100000 1 0 2
Service_11 1.9611258889418005e-212 230 22 0
Service_12 2.377106751045944e-208 62 48 0
Service_13 7.503670601050727e-236 19 26 0
Service_14 4.774825589591194e-212 171 24 0
Service_15 8.931680323445285e-235 698 33 0
Service_16 1.6266270976328164e-215 489 25 0
Service_17 1.8563877853667035e-240 495 33 1
Service_18 8.159955270046307e-190 93 36 1
Service_19 1.1492006904546654e-203 817 6 0
Service_20 5.145395568998575e-174 706 45 1
Service_21 1.3602788390900127e-238 623 12 2
Service_22 2767.6254108787393 11 36 1
Service_23 2.005502404841846e-200 92 36 2
Service_24 687.9593529279952 0 8 1
Service_25 7.694125224980857e-223 313 45 2
Service_26 6.921392666546342e-213 317 42 2
Service_27 7.682395575566948e-191 471 1 0
Service_28 4.3625889042088116e-172 445 31 1
Service_29 12325.967790855215 6 5 2
Service_30 6.4740426451959845e-164 99 23 1
Service_31 1.1261453618713431e-169 330 42 0
Service_32 1.5649824000144872e-203 412 12 0
Service_33 1.0209492984162415e-204 219 25 0
Service_34 100000 1 0 2
Service_35 1.2145235482362931e-234 659 45 1
Service_36 1.722746072996873e-175 776 40 1
Service_37 2.871606104443141e-219 101 12 2
Service_38 0.0009026399781028776 335 28 0
Service_39 1.3909451182446454e-193 138 27 1
Service_40 1.4340345616867884e-184 180 45 2
Service_41 5.843320505500712e-210 67 12 1
Service_42 2.0870020346711235e-181 256 33 0
Service_43 4.078188075342253e-206 368 27 1
Service_44 2.8651905849526693e-215 736 40 2
Service_45 3.166442118558509e-210 780 33 1
Service_46 1.7448519147086276e-210 584 23 0
Service_47 9.898199685327347e-203 168 17 2
Service_48 2.1009468710342902e-203 292 12 0
Service_49 8.570788310299111e-206 32 21 0
Service_50 1.1632027558748192e-174 420 31 1
Service_51 1.9720762022894651e-203 39 48 2
Service_52 8.515536087626775e-203 236 11 0
Service_53 2.6961273689849476e-227 517 14 1
Service_54 1.4492731312062187e-177 149 25 0
Service_55 3.895351800587337e-136 8 17 1
Service_56 3.96917113089445e-105 152 40 1
Service_57 7.483710256239303e-228 20 27 2
Service_58 1.9846081894428107 164 44 1
Service_59 7.017368829539584e-220 631 10 1
Service_60 2.530818490140548e-212 600 19 0
Service_61 5.385855765130639e-210 130 33 1
Service_62 9.186929713490963e-186 51 47 1
Service_63 2.02511875897906e-219 155 26 2
Service_64 5.3007555642457343e-182 646 35 1
Service_65 4.727063829863275e-240 270 30 0
Service_66 2.0221066570612206e-221 28 9 1
Service_67 3.55065983830505e-219 716 14 2
Service_68 1.6679504634633278e-216 186 21 1
Service_69 2.436811135498801e-201 473 10 1
Service_70 9.359817565199862e-209 402 26 1
Service_71 5.867805746980866e-216 493 4 2
Service_72 1.4134194654533263e-205 174 27 2
Service_73 1.1655984098115913e-186 678 36 0
Service_74 4.012538002027989e-216 429 49 1
Service_75 5.141865014758661e-253 72 27 0
Service_76 4.7386393789250295e-223 350 3 2
Service_77 1.3081549223256965e-195 875 2 0
Service_78 2.305666313230663e-199 110 25 1
Service_79 3.6757176476757244e-192 12 12 0
Service_80 5.1113128635713396e-200 464 9 0
Service_81 14285.714285714284 31 7 2
Service_82 8.277977155118638e-232 621 13 2
Service_83 1.2452179628150499e-213 444 6 0
Service_84 1.990090396702342e-213 143 16 2
Service_85 5.8549523444796275e-213 306 42 1
Service_86 1.053270731215003e-197 521 32 1
Service_87 3.0485459107979916e-213 305 26 2
Service_88 1.3119988400568646e-184 535 14 2
Service_89 4519.3619871471055 24 25 2
Service_90 2.393199181876702e-211 34 32 0
Service_91 1.2488220707641304e-211 38 10 2
Service_92 3.1789761926982634e-205 180 23 1
Service_93 9.807800886779392e-235 495 45 0
Service_94 4.5554483352444466e-237 493 18 2
Service_95 9.242565793466949e-219 13 17 0
Service_96 61080.43490578257 2 4 2
Service_97 3.0857974214666412e-190 294 33 2
Service_98 4.306764038776548e-216 486 18 1
Service_99 4.67442042485178e-192 529 35 2
Service_100 5.1477363918822424e-208 310 42 1
Service_101 14317.84082375186 5 22 2
Service_102 2.51395517701215e-160 602 47 2
Service_103 1.8569527569236184e-218 835 39 0
Service_104 8.582390788898973e-197 416 28 0
Service_105 4.968756237912639e-202 481 35 2
Service_106 1.1225987917764114e-204 774 25 2
Service_107 4.450441075947705e-192 312 17 0
Service_108 6.050289740088252e-208 400 1 0
Service_109 8.148037072559441e-213 96 24 0
Service_110 3.482902848732301e-214 803 6 0
Service_111 3.421452012033235e-196 657 47 2
Service_112 9.722621888530065e-235 792 26 0
Service_113 7.453003230081597e-226 259 24 1
Service_114 2.1137446966316118e-237 302 6 1
Service_115 3.805098110971878e-212 182 15 0
Service_116 1.185743885449467e-187 434 20 0
Service_117 6.289256348248127e-141 210 39 2
Service_118 2.714717527428515e-199 647 11 1
Service_119 3.4436193110326212e-186 706 33 0
Service_120 5.871448808571269e-195 87 28 1
Service_121 8.412333607791924e-202 364 24 0
Service_122 100000 1 0 1
Service_123 1.6103708234544767e-97 329 34 0
Service_124 3.7837663973267684e-215 1 2 0
Service_125 6.76457995594527e-219 738 3 2
Service_126 1.8902110769264167e-189 369 9 1
Service_127 4.0629362309656676e-196 555 27 1
Service_128 1.6970530621102862e-193 358 21 0
Service_129 9.790262380370705e-176 551 35 1
Service_130 3.644716634448023e-194 446 22 0
Service_131 8.728266319994835e-239 21 48 0
Service_132 7.471710217575918e-210 131 48 0
Service_133 2.610982890974361e-205 388 33 2
Service_134 1.5922019718003047e-191 188 42 2
Service_135 3.9247169532882957e-202 709 6 0
Service_136 7.538953296612482e-208 460 40 2
Service_137 4.372809866110493e-211 641 17 0
Service_138 1.0575540112690118e-198 676 33 1
Service_139 4.0177068230621015e-175 624 2 1
Service_140 1.7610411891857312e-211 430 48 2
Service_141 3.262537389818762e-188 214 47 0
Service_142 3.24257034928625e-210 128 6 0
Service_143 4.815313484338071e-254 400 27 0
Service_144 5.359020276129175e-173 442 15 0
Service_145 2.190584301851559e-188 234 18 2
Service_146 100000 1 0 2
Service_147 1.5874644316479108e-197 557 37 1
Service_148 1.6827220512659588e-181 118 27 0
Service_149 1.5334434790568567e-140 697 21 1
Service_150 1.7472440090656481e-183 72 16 1
Service_151 4.663165402623331e-156 213 46 0
Service_152 2.080974214023587e-141 202 9 1
Service_153 4.110633448059778e-208 492 47 0
Service_154 1.2937812238345032e-223 247 17 2
Service_155 9.960322221416169e-184 78 19 1
Service_156 1.1437003627474049e-185 508 25 2
Service_157 7.596334151643284e-216 28 13 1
Service_158 1.0990789646176234e-203 298 39 0
Service_159 1.1491212160808883e-174 162 2 2
Service_160 8.065460495177293e-177 114 37 2
Service_161 3.249646737905727e-203 160 28 1
Service_162 1.45903661792838e-42 101 24 1
Service_163 9.139857169724109e-177 378 3 2
Service_164 2.925293298110298e-178 598 3 1
Service_165 1.8209547220351722e-201 398 39 2
Service_166 8.119347319377532e-197 236 13 2
Service_167 7.774344388684406e-245 192 15 0
Service_168 1.5109210016491521e-232 87 47 0
Service_169 6.484684145252068e-211 385 8 1
Service_170 4.323022250238438e-200 215 48 2
Service_171 2.4971443459479656e-189 811 30 0
Service_172 7.650384970960348e-206 119 3 0
Service_173 1.0615716178178462e-214 470 2 2
Service_174 1.3060712651143334e-213 362 39 1
Service_175 1.0069816934488414e-223 395 35 0
Service_176 3.040695235937433e-227 301 17 0
Service_177 9.135797954840494e-235 24 14 1
Service_178 9.559242672732809e-177 103 42 0
Service_179 2.485933644885429e-143 6 43 0
Service_180 1.3579338352413884e-220 65 5 1
Service_181 2.3752444544078693e-220 338 18 2
Service_182 3.062296334165686e-204 445 12 1
Service_183 3.848713571657143e-214 373 42 1
Service_184 6.328023043512882e-212 456 45 2
Service_185 4.010467115045985e-197 659 18 1
Service_186 7.055246623997332e-205 554 6 0
Service_187 9.13274951354255e-202 830 25 1
Service_188 1.284726799323758e-184 43 49 0
Service_189 1.1640062660999849e-203 17 42 2
Service_190 5.920321504500284e-173 156 43 1
Service_191 2.829936979489454e-237 377 14 2
Service_192 4.990156074704219e-127 255 35 2
Service_193 4.353485623571076e-183 479 23 0
Service_194 1.3041185942128299e-96 513 13 0
Service_195 7.03356854410446e-211 317 42 0
Service_196 1.1163576310311106e-177 238 49 0
Service_197 4.2597978768499666e-244 594 16 2
Service_198 100000 1 0 1
Service_199 4.949449896442344e-189 307 12 0
